0.001331 
0.001337 
0.001341 
0.001341 
0.001337 
0.001367 
0.002002 
0.001364 
0.001342 
0.001358 
0.001351 
0.001354 
0.001338 
0.001361 
0.001331 
0.001373 
0.001347 
0.001342 
0.001320 
0.001346 
0.002435 
0.002398 
0.002433 
0.002424 
0.002436 
0.002400 
0.002401 
0.002399 
0.002438 
0.002400 
0.002404 
0.002390 
0.002410 
0.002435 
0.002397 
0.002410 
0.002440 
0.002402 
0.002392 
0.002433 
0.000886 
0.000824 
0.000888 
0.000818 
0.000822 
0.000889 
0.000878 
0.000881 
0.000887 
0.000917 
0.000887 
0.000842 
0.000902 
0.000826 
0.000804 
0.000815 
0.000816 
0.000893 
0.000885 
0.000882 
0.001281 
0.001292 
0.001245 
0.001257 
0.001269 
0.001298 
0.001275 
0.001277 
0.001299 
0.001286 
0.001289 
0.001265 
0.001306 
0.001263 
0.001259 
0.001296 
0.001297 
0.001272 
0.001268 
0.001253 
0.084945 
0.084869 
0.079287 
0.078637 
0.079241 
0.078970 
0.078910 
0.079001 
0.078878 
0.078819 
0.084797 
0.078877 
0.078807 
0.079582 
0.078936 
0.078793 
0.078819 
0.079340 
0.078592 
0.079603 
0.087948 
0.095107 
0.093452 
0.089810 
0.087828 
0.088533 
0.087668 
0.087710 
0.087720 
0.088321 
0.087613 
0.087903 
0.088549 
0.088487 
0.087750 
0.094411 
0.088164 
0.088335 
0.088128 
0.087667 
0.019216 
0.019216 
0.019197 
0.019936 
0.019234 
0.019452 
0.019171 
0.019376 
0.019159 
0.019196 
0.019262 
0.019168 
0.019256 
0.019251 
0.019325 
0.020761 
0.020542 
0.020689 
0.020464 
0.020528 
0.005646 
0.005544 
0.005584 
0.005568 
0.005616 
0.005580 
0.005645 
0.005540 
0.005553 
0.005559 
0.005560 
0.005589 
0.005550 
0.005562 
0.005546 
0.005640 
0.005576 
0.005830 
0.005639 
0.005565 
0.005723 
0.005732 
0.005747 
0.005716 
0.005735 
0.005725 
0.005761 
0.005682 
0.005710 
0.005728 
0.005668 
0.005719 
0.005715 
0.005691 
0.005701 
0.005398 
0.005724 
0.005700 
0.005746 
0.005718 
0.001309 
0.001304 
0.001312 
0.001283 
0.001315 
0.001285 
0.001305 
0.001279 
0.001302 
0.001314 
0.001305 
0.001285 
0.001322 
0.001297 
0.001307 
0.001308 
0.001315 
0.001279 
0.001325 
0.001289 
