0.000971 
0.000969 
0.000966 
0.000971 
0.000958 
0.000961 
0.000954 
0.000965 
0.000975 
0.000967 
0.000958 
0.000962 
0.000974 
0.000971 
0.000971 
0.000977 
0.000979 
0.000970 
0.000989 
0.000956 
0.001919 
0.001897 
0.001903 
0.001920 
0.001919 
0.001912 
0.001891 
0.001920 
0.001917 
0.001881 
0.001920 
0.001892 
0.001921 
0.001915 
0.001907 
0.001919 
0.001917 
0.001939 
0.001912 
0.001925 
0.000662 
0.000662 
0.000671 
0.000658 
0.000652 
0.000660 
0.000668 
0.000678 
0.000655 
0.000687 
0.000660 
0.000654 
0.000659 
0.000661 
0.000672 
0.000662 
0.000660 
0.000657 
0.000653 
0.000663 
0.000913 
0.000945 
0.000923 
0.000904 
0.000916 
0.000923 
0.000916 
0.000919 
0.000928 
0.000917 
0.000933 
0.000923 
0.000912 
0.000934 
0.000918 
0.000928 
0.000923 
0.000914 
0.000916 
0.000926 
0.062274 
0.062501 
0.061932 
0.062086 
0.062762 
0.062732 
0.062356 
0.061855 
0.062454 
0.062111 
0.061949 
0.062544 
0.062657 
0.062422 
0.062298 
0.062258 
0.062112 
0.062046 
0.062052 
0.062117 
0.070218 
0.069859 
0.069530 
0.069971 
0.069579 
0.070142 
0.069993 
0.069644 
0.069953 
0.069808 
0.069958 
0.070337 
0.069957 
0.070173 
0.069600 
0.069475 
0.070161 
0.069556 
0.069716 
0.069818 
0.015420 
0.015391 
0.015294 
0.015168 
0.015173 
0.015319 
0.015236 
0.015525 
0.015229 
0.015223 
0.015166 
0.015582 
0.015316 
0.015494 
0.015257 
0.015487 
0.015539 
0.015639 
0.015263 
0.015610 
0.004566 
0.004307 
0.004257 
0.004294 
0.004257 
0.004282 
0.004322 
0.004303 
0.004258 
0.004262 
0.004244 
0.004589 
0.004278 
0.004500 
0.004234 
0.004259 
0.004287 
0.004270 
0.004224 
0.004277 
0.004393 
0.004385 
0.004346 
0.004052 
0.004306 
0.004377 
0.004019 
0.004004 
0.004325 
0.004318 
0.003984 
0.004390 
0.004378 
0.004357 
0.004347 
0.004362 
0.004351 
0.004434 
0.004387 
0.004747 
0.000944 
0.000942 
0.000943 
0.000949 
0.000946 
0.000954 
0.000960 
0.000959 
0.000949 
0.000963 
0.000952 
0.000926 
0.000951 
0.000941 
0.001519 
0.000942 
0.000950 
0.000938 
0.000959 
0.000956 
