0.000920 
0.000915 
0.000927 
0.000917 
0.000929 
0.000934 
0.000923 
0.000930 
0.000906 
0.000907 
0.000944 
0.000904 
0.000925 
0.000914 
0.000917 
0.000920 
0.000929 
0.000912 
0.000898 
0.000919 
0.001668 
0.001668 
0.001655 
0.001637 
0.001622 
0.001670 
0.001659 
0.001644 
0.001639 
0.001655 
0.001610 
0.001656 
0.001653 
0.001633 
0.001623 
0.001673 
0.001646 
0.001659 
0.001603 
0.001619 
0.000631 
0.000631 
0.000636 
0.000634 
0.000642 
0.000633 
0.000638 
0.000631 
0.000645 
0.000645 
0.000646 
0.000630 
0.000635 
0.000633 
0.000632 
0.000634 
0.000631 
0.000622 
0.000640 
0.000636 
0.000873 
0.000873 
0.000862 
0.000864 
0.000871 
0.000878 
0.000872 
0.000870 
0.000893 
0.000869 
0.000880 
0.000871 
0.000876 
0.000874 
0.000862 
0.000893 
0.000871 
0.000875 
0.000875 
0.000882 
0.049311 
0.049532 
0.048521 
0.049563 
0.049136 
0.049280 
0.049308 
0.049500 
0.049507 
0.049035 
0.049038 
0.049005 
0.049216 
0.049658 
0.049768 
0.049024 
0.048795 
0.049887 
0.048735 
0.049563 
0.055477 
0.054713 
0.055269 
0.054898 
0.055491 
0.054884 
0.054324 
0.055236 
0.055504 
0.055342 
0.054674 
0.055872 
0.054573 
0.055153 
0.054710 
0.054553 
0.055419 
0.054856 
0.055402 
0.055958 
0.012103 
0.012133 
0.012300 
0.012059 
0.012619 
0.012565 
0.012602 
0.012151 
0.012586 
0.012053 
0.012082 
0.012590 
0.012484 
0.012186 
0.012002 
0.012219 
0.012399 
0.012516 
0.012537 
0.012234 
0.003496 
0.003531 
0.003529 
0.003489 
0.003530 
0.003502 
0.003496 
0.003434 
0.003523 
0.003491 
0.003544 
0.003801 
0.003724 
0.003540 
0.003536 
0.003724 
0.003484 
0.003449 
0.003534 
0.003535 
0.003611 
0.003613 
0.003604 
0.003542 
0.003521 
0.003526 
0.003608 
0.003594 
0.003612 
0.003566 
0.003598 
0.003632 
0.003588 
0.003562 
0.003612 
0.003552 
0.003564 
0.003582 
0.003566 
0.003583 
0.000902 
0.000903 
0.000897 
0.000889 
0.000889 
0.000899 
0.000911 
0.000905 
0.000876 
0.000924 
0.000899 
0.000912 
0.000927 
0.000901 
0.000912 
0.000937 
0.000896 
0.000897 
0.000898 
0.000935 
